1 0
2 0
3 0
4 0
5 0
6 0
7 0
8 0
9 0
10 0
20 0
30 0
40 0
50 0
60 0
70 0
80 0
90 0
100 0
200 0
300 0
400 0
500 0
600 0
700 0
800 0
900 0
1000 0
2000 0
3000 0.001
4000 0.001
5000 0.002
6000 0.002
7000 0.003
8000 0.003
9000 0.004
10000 0.004
20000 0.009
30000 0.014
40000 0.018
50000 0.023
60000 0.027
70000 0.031
80000 0.036
90000 0.041
100000 0.045
200000 0.091
300000 0.136
400000 0.181
500000 0.226
600000 0.271
700000 0.316
800000 0.362
900000 0.407
1000000 0.452
2000000 0.905
3000000 1.357
4000000 1.81
5000000 2.262
6000000 2.714
7000000 3.167
8000000 3.618
9000000 4.072
10000000 4.523
20000000 9.045
30000000 13.569
40000000 18.092
50000000 22.616
60000000 27.139
70000000 31.661
80000000 36.181
90000000 40.701
100000000 45.225
