1 0
2 0
3 0
4 0
5 0
6 0
7 0
8 0
9 0
10 0
20 0
30 0
40 0
50 0
60 0
70 0
80 0
90 0
100 0
200 0.001
300 0.001
400 0.002
500 0.002
600 0.003
700 0.003
800 0.004
900 0.004
1000 0.005
2000 0.01
3000 0.015
4000 0.02
5000 0.025
6000 0.03
7000 0.035
8000 0.04
9000 0.045
10000 0.05
20000 0.1
30000 0.149
40000 0.2
50000 0.25
60000 0.3
70000 0.349
80000 0.399
90000 0.449
100000 0.499
200000 0.998
300000 1.498
400000 1.995
500000 2.495
600000 2.995
700000 3.492
800000 3.993
900000 4.491
1000000 4.99
2000000 9.979
3000000 14.975
4000000 19.964
5000000 24.955
6000000 29.952
7000000 34.933
8000000 39.928
9000000 44.921
10000000 49.907
20000000 99.806
30000000 149.726
40000000 199.624
50000000 249.542
60000000 299.435
70000000 349.341
80000000 399.257
90000000 449.131
100000000 499.04
